JS_logo

600,600

1
0,0,100,100
R

2
100,0,200,100
N

3
200,0,300,100
N

4
300,0,400,100
SR

5
400,0,500,100
N

6
500,0,600,100
N

7
0,100,100,200
R

8
100,100,200,200
N

9
200,100,300,200
N

10
300,100,400,200
N

11
400,100,500,200
R

12
100,200,200,300
R

13
200,200,300,300
R

14
300,200,400,300
R

15
400,200,500,300
SR

16
100,300,200,400
N

17
200,300,300,400
N

18
300,300,400,400
N

19
400,300,500,400
SSR

20
100,400,200,500
SR

21
200,400,300,500
N

22
300,400,400,500
N

23
400,400,500,500
N

24
200,500,300,600
R

25
300,500,400,600
R
