1200,1200

108

1
300,0,400,100
N

2
400,0,500,100
R

3
500,0,600,100
N

4
600,0,700,100
N

5
700,0,800,100
R

6
800,0,900,100
N

7
300,100,400,200
N

8
400,100,500,200
N

9
500,100,600,200
N

10
600,100,700,200
R

11
700,100,800,200
N

12
800,100,900,200
R

13
300,200,400,300
N

14
400,200,500,300
N

15
500,200,600,300
N

16
600,200,700,300
R

17
700,200,800,300
R

18
800,200,900,300
N

19
0,300,100,400
SR

20
100,300,200,400
N

21
200,300,300,400
R

22
300,300,400,400
N

23
400,300,500,400
R

24
500,300,600,400
N

25
600,300,700,400
N

26
700,300,800,400
N

27
800,300,900,400
N

28
900,300,1000,400
N

29
1000,300,1100,400
N

30
1100,300,1200,400
SR

31
0,400,100,500
N

32
100,400,200,500
SR

33
200,400,300,500
R

34
300,400,400,500
N

35
400,400,500,500
N

36
500,400,600,500
N

37
600,400,700,500
R

38
700,400,800,500
R

39
800,400,900,500
R

40
900,400,1000,500
N

41
1000,400,1100,500
N

42
1100,400,1200,500
N

43
0,500,100,600
N

44
100,500,200,600
N

45
200,500,300,600
SR

46
300,500,400,600
R

47
400,500,500,600
N

48
500,500,600,600
R

49
600,500,700,600
N

50
700,500,800,600
N

51
800,500,900,600
SSR

52
900,500,1000,600
R

53
1000,500,1100,600
N

54
1100,500,1200,600
N

55
0,600,100,700
R

56
100,600,200,700
N

57
200,600,300,700
N

58
300,600,400,700
N

59
400,600,500,700
N

60
500,600,600,700
SR

61
600,600,700,700
N

62
700,600,800,700
SR

63
800,600,900,700
R

64
900,600,1000,700
N

65
1000,600,1100,700
SR

66
1100,600,1200,700
N

67
0,700,100,800
SR

68
100,700,200,800
SR

69
200,700,300,800
SSR

70
300,700,400,800
N

71
400,700,500,800
SR

72
500,700,600,800
N

73
600,700,700,800
N

74
700,700,800,800
R

75
800,700,900,800
N

76
900,700,1000,800
N

77
1000,700,1100,800
SR

78
1100,700,1200,800
R

79
0,800,100,900
N

80
100,800,200,900
N

81
200,800,300,900
N

82
300,800,400,900
SR

83
400,800,500,900
SSR

84
500,800,600,900
R

85
600,800,700,900
N

86
700,800,800,900
N

87
800,800,900,900
R

88
900,800,1000,900
N

89
1000,800,1100,900
SR

90
1100,800,1200,900
R

91
300,900,400,1000
SR

92
400,900,500,1000
SR

93
500,900,600,1000
SSR

94
600,900,700,1000
R

95
700,900,800,1000
SR

96
800,900,900,1000
N

97
300,1000,400,1100
N

98
400,1000,500,1100
N

99
500,1000,600,1100
N

100
600,1000,700,1100
R

101
700,1000,800,1100
N

102
800,1000,900,1100
R

103
300,1100,400,1200
SSR

104
400,1100,500,1200
R

105
500,1100,600,1200
N

106
600,1100,700,1200
N

107
700,1100,800,1200
R

108
800,1100,900,1200
R
