1300,1000

108

1
0,0,100,100
R

2
100,0,200,100
R

3
200,0,300,100
N

4
300,0,400,100
N

5
400,0,500,100
R

6
500,0,600,100
N

7
600,0,700,100
SSR

8
700,0,800,100
N

9
800,0,900,100
R

10
900,0,1000,100
R

11
1000,0,1100,100
N

12
1100,0,1200,100
SR

13
1200,0,1300,100
N

14
0,100,100,200
N

15
100,100,200,200
SR

16
200,100,300,200
R

17
300,100,400,200
N

18
400,100,500,200
SR

19
500,100,600,200
R

20
600,100,700,200
SR

21
700,100,800,200
N

22
800,100,900,200
N

23
900,100,1000,200
N

24
1000,100,1100,200
R

25
1100,100,1200,200
R

26
1200,100,1300,200
N

27
0,200,100,300
N

28
100,200,200,300
SSR

29
200,200,300,300
N

30
300,200,400,300
N

31
400,200,500,300
N

32
500,200,600,300
SR

33
600,200,700,300
N

34
700,200,800,300
SR

35
800,200,900,300
N

36
900,200,1000,300
N

37
1000,200,1100,300
N

38
1100,200,1200,300
N

39
1200,200,1300,300
N

40
100,300,200,400
N

41
200,300,300,400
N

42
300,300,400,400
R

43
400,300,500,400
SR

44
500,300,600,400
N

45
600,300,700,400
R

46
700,300,800,400
R

47
800,300,900,400
N

48
900,300,1000,400
R

49
1000,300,1100,400
N

50
1100,300,1200,400
N

51
100,400,200,500
R

52
200,400,300,500
N

53
300,400,400,500
R

54
400,400,500,500
R

55
500,400,600,500
N

56
600,400,700,500
R

57
700,400,800,500
N

58
800,400,900,500
N

59
900,400,1000,500
SSR

60
1000,400,1100,500
N

61
1100,400,1200,500
R

62
100,500,200,600
SR

63
200,500,300,600
R

64
300,500,400,600
N

65
400,500,500,600
N

66
500,500,600,600
SR

67
600,500,700,600
N

68
700,500,800,600
R

69
800,500,900,600
SSR

70
900,500,1000,600
N

71
1000,500,1100,600
SR

72
100,600,200,700
N

73
200,600,300,700
N

74
300,600,400,700
R

75
400,600,500,700
R

76
500,600,600,700
N

77
600,600,700,700
N

78
700,600,800,700
SR

79
800,600,900,700
R

80
900,600,1000,700
SR

81
1000,600,1100,700
SSR

82
100,700,200,800
N

83
200,700,300,800
N

84
300,700,400,800
N

85
400,700,500,800
N

86
500,700,600,800
N

87
600,700,700,800
N

88
700,700,800,800
N

89
800,700,900,800
N

90
900,700,1000,800
N

91
1000,700,1100,800
N

92
200,800,300,900
R

93
300,800,400,900
N

94
400,800,500,900
N

95
500,800,600,900
SR

96
600,800,700,900
N

97
700,800,800,900
SR

98
800,800,900,900
R

99
900,800,1000,900
SR

100
1000,800,1100,900
R

101
200,900,300,1000
N

102
300,900,400,1000
SR

103
400,900,500,1000
N

104
500,900,600,1000
N

105
600,900,700,1000
R

106
700,900,800,1000
N

107
800,900,900,1000
N

108
900,900,1000,1000
R
